[gd_scene format=3 uid="uid://dh6suuu1lpaln"]

[ext_resource type="PackedScene" uid="uid://1fv5tqtjgiqs" path="res://scenes/ground.tscn" id="1_o5qli"]
[ext_resource type="PackedScene" uid="uid://dcad8cqvcptnu" path="res://scenes/obstacles.tscn" id="3_sugp2"]
[ext_resource type="PackedScene" uid="uid://c8o6euolcxgte" path="res://scenes/coin.tscn" id="4_jyhfs"]
[ext_resource type="PackedScene" uid="uid://ek2lxivf45tg" path="res://scenes/wall_break.tscn" id="5_tbgi4"]
[ext_resource type="PackedScene" uid="uid://bi47luam7fx4t" path="res://scenes/enemy.tscn" id="6_o6xl0"]
[ext_resource type="PackedScene" uid="uid://3x2hmfjjim2n" path="res://scenes/test_player.tscn" id="6_tefeu"]

[sub_resource type="ProceduralSkyMaterial" id="ProceduralSkyMaterial_0wfyh"]

[sub_resource type="Sky" id="Sky_sugp2"]
sky_material = SubResource("ProceduralSkyMaterial_0wfyh")

[sub_resource type="Environment" id="Environment_0wfyh"]
background_mode = 2
sky = SubResource("Sky_sugp2")

[sub_resource type="NavigationMesh" id="NavigationMesh_tipki"]
vertices = PackedVector3Array(-14.5, 1, 6, -6.5, 1, 6, -6.25, 1, 5.25, -14.5, 1, -14.5, 2.75, 1, 5.25, 3, 1, 6, 14.5, 1, 6, 14.5, 1, -14.5, -4.25, 1, 14.5, -4.25, 1, 7, -6.25, 1, 7, -14.5, 1, 14.5, 2.75, 1, 7, 0.75, 1, 7, 0.75, 1, 14.5, 14.5, 1, 14.5)
polygons = [PackedInt32Array(1, 0, 2), PackedInt32Array(2, 0, 3), PackedInt32Array(5, 4, 6), PackedInt32Array(6, 4, 7), PackedInt32Array(2, 3, 4), PackedInt32Array(4, 3, 7), PackedInt32Array(10, 9, 8), PackedInt32Array(10, 0, 1), PackedInt32Array(0, 10, 11), PackedInt32Array(11, 10, 8), PackedInt32Array(14, 13, 12), PackedInt32Array(12, 5, 6), PackedInt32Array(6, 15, 12), PackedInt32Array(12, 15, 14), PackedInt32Array(9, 13, 8), PackedInt32Array(8, 13, 14)]

[sub_resource type="BoxShape3D" id="BoxShape3D_85g3d"]
size = Vector3(30, 1, 30)

[node name="Main" type="Node3D" unique_id=245839776]

[node name="DirectionalLight3D" type="DirectionalLight3D" parent="." unique_id=1743858862]
transform = Transform3D(0.40705547, -0.544633, -0.73326725, -0.08517652, -0.8219211, 0.5631969, -0.90942335, -0.16679521, -0.38095742, -63.789745, 31.4962, 0)
shadow_enabled = true

[node name="Ground" parent="." unique_id=95938912 instance=ExtResource("1_o5qli")]
transform = Transform3D(1, 0, 0, 0, 1, 0, 0, 0, 1, 0, -0.27714443, 0)

[node name="WorldEnvironment" type="WorldEnvironment" parent="." unique_id=1334561182]
environment = SubResource("Environment_0wfyh")

[node name="cube_obstacles" type="Node3D" parent="." unique_id=1483713289]
transform = Transform3D(1, 0, 0, 0, 1, 0, 0, 0, 1, 0, 10.21772, -43.17649)

[node name="obstacles" parent="cube_obstacles" unique_id=1632510330 instance=ExtResource("3_sugp2")]
transform = Transform3D(1, 0, 0, 0, 1, 0, 0, 0, 1, -40, 4, -2)

[node name="obstacles2" parent="cube_obstacles" unique_id=807563477 instance=ExtResource("3_sugp2")]
transform = Transform3D(1, 0, 0, 0, 1, 0, 0, 0, 1, -30, 4, -2)

[node name="obstacles3" parent="cube_obstacles" unique_id=682697486 instance=ExtResource("3_sugp2")]
transform = Transform3D(1, 0, 0, 0, 1, 0, 0, 0, 1, -20, 4, -2)

[node name="obstacles4" parent="cube_obstacles" unique_id=1495873914 instance=ExtResource("3_sugp2")]
transform = Transform3D(1, 0, 0, 0, 1, 0, 0, 0, 1, -10, 4, -2)

[node name="obstacles5" parent="cube_obstacles" unique_id=147312709 instance=ExtResource("3_sugp2")]
transform = Transform3D(1, 0, 0, 0, 1, 0, 0, 0, 1, 0, 4, -2)

[node name="collectible" type="Node3D" parent="." unique_id=1453385874]
transform = Transform3D(1, 0, 0, 0, 1, 0, 0, 0, 1, 0, 1, -35)

[node name="Coin" parent="collectible" unique_id=995026381 instance=ExtResource("4_jyhfs")]
transform = Transform3D(1, 0, 0, 0, 1, 0, 0, 0, 1, 0, 0.5, 10)

[node name="Coin2" parent="collectible" unique_id=502033658 instance=ExtResource("4_jyhfs")]
transform = Transform3D(1, 0, 0, 0, 1, 0, 0, 0, 1, 30.573677, 0.5, 16.441837)

[node name="Coin43" parent="collectible" unique_id=1369580189 instance=ExtResource("4_jyhfs")]
transform = Transform3D(1, 0, 0, 0, 1, 0, 0, 0, 1, -40.16629, 0.5, 10)

[node name="testPlayer" parent="." unique_id=2139135099 instance=ExtResource("6_tefeu")]
transform = Transform3D(1, 0, 0, 0, 1, 0, 0, 0, 1, 0, 3.2057161, 9.464278)

[node name="Skeleton3D" parent="testPlayer/character_pivot/AuxScene/Node" parent_id_path=PackedInt32Array(2139135099, 1716614960) index="0" unique_id=266658873]
bones/3/bone_meta/extras = {
"originalName": "mixamorig:Spine2",
"transformData": {
"eulerOrder": "ZYX",
"parentMatrix": {
"elements": [0.9993815681943564, 0.0207256563940579, -0.02840648423777497, 0.0, -0.02243256775103027, 0.9978764891111372, -0.06114975448620797, 0.0, 0.02707879398737962, 0.06174916790260029, 0.9977243002334872, 0.0, 0.0, 29.98475062348203, -7.193267537175529e-09, 1.0]
},
"parentMatrixWorld": {
"elements": [0.9906242370100272, 0.06994564264798296, -0.11735087667429084, 0.0, -0.02972292080865606, 0.9487618945220826, 0.3145908702956685, 0.0, 0.13334230066304267, -0.30815333000022815, 0.9419455166565176, 0.0, 1.07909215649648, 30.465342283274484, 10.358036099895976, 1.0]
},
"preRotation": [-1.9878466826378432e-16, 0.0, 0.0],
"translation": [0.0, 34.26826462482242, -8.909061e-09]
}
}
bones/28/bone_meta/extras = {
"originalName": "mixamorig:LeftFoot",
"transformData": {
"eulerOrder": "ZYX",
"parentMatrix": {
"elements": [0.9903019482755968, 0.11179539317025458, -0.08248539899376313, 0.0, 0.02468228734282245, -0.7258375201873757, -0.6874231830951752, 0.0, -0.1367217454276329, 0.6787205890726206, -0.7215576762033287, 0.0, 2.6704616118422564e-07, 76.08486331776118, 3.4843015583874155e-08, 1.0]
},
"parentMatrixWorld": {
"elements": [-0.9743374638384004, -0.2192384665531725, 0.05099904639231961, 0.0, -0.15587720330175697, 0.4937360029396176, -0.8555273099042505, 0.0, 0.162384433718973, -0.8415219014524445, -0.5152398206891083, 0.0, 28.649976972259267, -110.08429237545096, 16.47428744004487, 1.0]
},
"preRotation": [63.36312787414425, 14.583962747791334, -1.4203937508763996e-08],
"translation": [1.6015810899716592e-09, 59.37502400005029, 1.3373388174642288e-08]
}
}
bones/32/bone_meta/extras = {
"originalName": "mixamorig:RightFoot",
"transformData": {
"eulerOrder": "ZYX",
"parentMatrix": {
"elements": [0.9770824179628436, 0.18285578348536108, 0.10896655469087188, 0.0, -0.077900228117313, 0.7835752276429901, -0.6163938744543906, 0.0, -0.198094679520967, 0.5937790973515144, 0.7798620857096638, 0.0, -3.958950500759784e-07, 76.0854947911353, 2.1738395084014428e-08, 1.0]
},
"parentMatrixWorld": {
"elements": [-0.984444514213397, -0.15597972515048042, -0.08086609128796002, 0.0, 0.1715677903275943, -0.7542552676523857, -0.6337692617909082, 0.0, 0.03786148174117709, -0.6377846890655492, 0.7692835567509941, 0.0, -20.54295580732741, -112.22374898852412, -13.279775093531777, 1.0]
},
"preRotation": [64.30295340217945, -14.321991493104418, -2.4856864983879867e-09],
"translation": [-7.916547417607941e-10, 59.37113814685844, -1.8036683e-12]
}
}

[node name="mixamorigHeadTop_End" parent="testPlayer/character_pivot/AuxScene/Node/Skeleton3D/mixamorigHead" parent_id_path=PackedInt32Array(2139135099, 59945056) index="0" unique_id=608505213]
metadata/extras = {
"originalName": "mixamorig:HeadTop_End",
"transformData": {
"eulerOrder": "ZYX",
"parentMatrix": {
"elements": [0.996393670024863, 0.02153299987481869, 0.08207304149984809, 0.0, 0.00803259104936889, 0.938981748518804, -0.34387316204210194, 0.0, -0.08446970880545478, 0.34329230111989284, 0.93542250471167, 0.0, 6.3108872e-30, 17.531219482421818, 0.32096992433071136, 1.0]
},
"parentMatrixWorld": {
"elements": [0.9989031736765532, 0.02839818678639027, -0.03722892150849449, 0.0, -0.02923898195071919, 0.9993250501852132, -0.02223790231597605, 0.0, 0.03657227778715158, 0.02330204694523208, 0.999059298239885, 0.0, -2.0443441267281424, 116.64101581940244, 37.06907850306208, 1.0]
},
"translation": [0.0, 45.892334, 0.840219035744667]
}
}

[node name="NavigationRegion3D" type="NavigationRegion3D" parent="." unique_id=1262102369]
transform = Transform3D(1, 0, 0, 0, 1, 0, 0, 0, 1, 5.5232754, 0, -18.079138)
navigation_mesh = SubResource("NavigationMesh_tipki")

[node name="StaticBody3D" type="StaticBody3D" parent="NavigationRegion3D" unique_id=1092551917]

[node name="CollisionShape3D" type="CollisionShape3D" parent="NavigationRegion3D/StaticBody3D" unique_id=641313968]
shape = SubResource("BoxShape3D_85g3d")

[node name="Enemy" parent="NavigationRegion3D" unique_id=1661372925 instance=ExtResource("6_o6xl0")]
transform = Transform3D(1, 0, 0, 0, 1, 0, 0, 0, 1, 0, 6.53529, -5.3647175)
player_path = NodePath("../../testPlayer")

[node name="Interactive_objs" type="Node3D" parent="NavigationRegion3D" unique_id=1898819729]
transform = Transform3D(1, 0, 0, 0, 1, 0, 0, 0, 1, -5, 1.7728982, 10)

[node name="wall_break" parent="NavigationRegion3D/Interactive_objs" unique_id=1142373083 instance=ExtResource("5_tbgi4")]
transform = Transform3D(1, 0, 0, 0, 1, 0, 0, 0, 1, 3.298627, 1, -3.91706)

[editable path="testPlayer"]
